              0 0.0090400874 0
          0.001 0.017980175 0.0089502117
          0.002 0.026821257 0.017801417
          0.003 0.03556432 0.026554603
          0.004 0.044210338 0.035210742
          0.005 0.052760277 0.043770802
          0.006 0.061215093 0.052235739
          0.007 0.069575733 0.060606498
          0.008 0.077843133 0.068884017
          0.009 0.086018222 0.077069223
           0.01 0.094101917 0.085163036
          0.011 0.10209513 0.093166364
          0.012 0.10999876 0.10108011
          0.013 0.11781369 0.10890516
          0.014 0.12554082 0.1166424
          0.015 0.13318101 0.1242927
          0.016 0.14073513 0.13185694
          0.017 0.14820404 0.13933596
          0.018 0.15558858 0.14673061
          0.019 0.16288959 0.15404173
           0.02 0.17010791 0.16127015
          0.021 0.17724435 0.16841671
          0.022 0.18429973 0.1754822
          0.023 0.19127487 0.18246744
          0.024 0.19817055 0.18937323
          0.025 0.20498756 0.19620035
          0.026 0.2117267 0.20294959
          0.027 0.21838873 0.20962173
          0.028 0.22497443 0.21621753
          0.029 0.23148454 0.22273775
           0.03 0.23791983 0.22918314
          0.031 0.24428104 0.23555445
          0.032 0.2505689 0.24185242
          0.033 0.25678415 0.24807776
          0.034 0.2629275 0.25423122
          0.035 0.26899968 0.2603135
          0.036 0.27500139 0.26632531
          0.037 0.28093333 0.27226735
          0.038 0.2867962 0.27814032
          0.039 0.29259068 0.2839449
           0.04 0.29831746 0.28968177
          0.041 0.3039772 0.29535161
          0.042 0.30957058 0.30095509
          0.043 0.31509826 0.30649286
          0.044 0.32056088 0.31196558
          0.045 0.3259591 0.31737389
          0.046 0.33129356 0.32271844
          0.047 0.33656489 0.32799987
          0.048 0.34177372 0.33321879
          0.049 0.34692067 0.33837583
           0.05 0.35200635 0.34347161
          0.051 0.35703139 0.34850674
          0.052 0.36199637 0.35348181
          0.053 0.36690191 0.35839744
          0.054 0.37174858 0.3632542
          0.055 0.37653698 0.36805269
          0.056 0.38126768 0.37279348
          0.057 0.38594126 0.37747715
          0.058 0.39055829 0.38210427
          0.059 0.39511933 0.38667539
           0.06 0.39962494 0.39119109
          0.061 0.40407566 0.3956519
          0.062 0.40847205 0.40005838
          0.063 0.41281465 0.40441106
          0.064 0.41710399 0.40871048
          0.065 0.42134059 0.41295717
          0.066 0.425525 0.41715166
          0.067 0.42965772 0.42129446
          0.068 0.43373926 0.42538609
          0.069 0.43777015 0.42942706
           0.07 0.44175088 0.43341787
          0.071 0.44568195 0.43735903
          0.072 0.44956385 0.44125101
          0.073 0.45339708 0.44509432
          0.074 0.45718212 0.44888944
          0.075 0.46091945 0.45263685
          0.076 0.46460954 0.45633702
          0.077 0.46825286 0.45999043
          0.078 0.47184988 0.46359753
          0.079 0.47540107 0.46715879
           0.08 0.47890686 0.47067467
          0.081 0.48236773 0.47414561
          0.082 0.48578411 0.47757207
          0.083 0.48915644 0.48095448
          0.084 0.49248517 0.48429329
          0.085 0.49577073 0.48758893
          0.086 0.49901355 0.49084182
          0.087 0.50221405 0.4940524
          0.088 0.50537266 0.49722108
          0.089 0.50848979 0.50034829
           0.09 0.51156585 0.50343443
          0.091 0.51460126 0.50647991
          0.092 0.51759641 0.50948514
          0.093 0.52055171 0.51245051
          0.094 0.52346756 0.51537643
          0.095 0.52634434 0.51826329
          0.096 0.52918245 0.52111147
          0.097 0.53198227 0.52392137
          0.098 0.53474419 0.52669335
          0.099 0.53746857 0.5294278
            0.1 0.54015579 0.5321251
          0.101 0.54280622 0.53478561
          0.102 0.54542024 0.53740969
          0.103 0.54799819 0.53999772
          0.104 0.55054044 0.54255004
          0.105 0.55304735 0.54506702
          0.106 0.55551927 0.547549
          0.107 0.55795653 0.54999634
          0.108 0.5603595 0.55240938
          0.109 0.56272851 0.55478845
           0.11 0.5650639 0.55713391
          0.111 0.567366 0.55944608
          0.112 0.56963514 0.56172529
          0.113 0.57187165 0.56397187
          0.114 0.57407587 0.56618615
          0.115 0.5762481 0.56836845
          0.116 0.57838866 0.57051909
          0.117 0.58049788 0.57263837
          0.118 0.58257606 0.57472662
          0.119 0.58462351 0.57678414
           0.12 0.58664054 0.57881124
          0.121 0.58862746 0.58080821
          0.122 0.59058455 0.58277537
          0.123 0.59251212 0.58471301
          0.124 0.59441046 0.58662141
          0.125 0.59627986 0.58850088
          0.126 0.59812061 0.59035169
          0.127 0.59993299 0.59217414
          0.128 0.6017173 0.59396851
          0.129 0.60347379 0.59573507
           0.13 0.60520277 0.59747411
          0.131 0.60690448 0.59918589
          0.132 0.60857922 0.60087069
          0.133 0.61022724 0.60252878
          0.134 0.61184882 0.60416042
          0.135 0.61344421 0.60576587
          0.136 0.61501367 0.6073454
          0.137 0.61655747 0.60889926
          0.138 0.61807586 0.61042771
          0.139 0.6195691 0.61193101
           0.14 0.62103742 0.61340939
          0.141 0.62248108 0.61486312
          0.142 0.62390033 0.61629243
          0.143 0.62529541 0.61769757
          0.144 0.62666656 0.61907878
          0.145 0.62801402 0.62043629
          0.146 0.62933801 0.62177035
          0.147 0.63063879 0.62308119
          0.148 0.63191657 0.62436903
          0.149 0.63317159 0.62563411
           0.15 0.63440407 0.62687665
          0.151 0.63561424 0.62809688
          0.152 0.63680231 0.62929501
          0.153 0.63796852 0.63047128
          0.154 0.63911307 0.63162589
          0.155 0.64023619 0.63275906
          0.156 0.64133807 0.63387101
          0.157 0.64241895 0.63496195
          0.158 0.64347902 0.63603207
          0.159 0.64451849 0.63708161
           0.16 0.64553758 0.63811075
          0.161 0.64653647 0.6391197
          0.162 0.64751537 0.64010866
          0.163 0.64847448 0.64107783
          0.164 0.649414 0.6420274
          0.165 0.65033412 0.64295758
          0.166 0.65123504 0.64386856
          0.167 0.65211694 0.64476052
          0.168 0.65298002 0.64563365
          0.169 0.65382446 0.64648815
           0.17 0.65465045 0.64732419
          0.171 0.65545817 0.64814197
          0.172 0.6562478 0.64894166
          0.173 0.65701953 0.64972344
          0.174 0.65777353 0.6504875
          0.175 0.65850998 0.651234
          0.176 0.65922905 0.65196313
          0.177 0.65993091 0.65267505
          0.178 0.66061574 0.65336993
          0.179 0.66128371 0.65404796
           0.18 0.66193498 0.65470928
          0.181 0.66256972 0.65535408
          0.182 0.6631881 0.65598251
          0.183 0.66379027 0.65659474
          0.184 0.66437641 0.65719093
          0.185 0.66494666 0.65777123
          0.186 0.66550118 0.65833581
          0.187 0.66604014 0.65888483
          0.188 0.66656369 0.65941843
          0.189 0.66707198 0.65993677
           0.19 0.66756516 0.66044001
          0.191 0.66804339 0.66092828
          0.192 0.6685068 0.66140175
          0.193 0.66895556 0.66186056
          0.194 0.6693898 0.66230486
          0.195 0.66980967 0.66273478
          0.196 0.67021531 0.66315048
          0.197 0.67060687 0.66355209
          0.198 0.67098448 0.66393975
          0.199 0.67134828 0.66431361
            0.2 0.67169842 0.6646738
          0.201 0.67203502 0.66502045
          0.202 0.67235822 0.66535371
          0.203 0.67266816 0.6656737
          0.204 0.67296496 0.66598055
          0.205 0.67324877 0.6662744
          0.206 0.67351969 0.66655538
          0.207 0.67377787 0.66682362
          0.208 0.67402344 0.66707923
          0.209 0.67425651 0.66732235
           0.21 0.67447721 0.66755311
          0.211 0.67468566 0.66777161
          0.212 0.674882 0.667978
          0.213 0.67506633 0.66817238
          0.214 0.67523877 0.66835487
          0.215 0.67539945 0.6685256
          0.216 0.67554848 0.66868469
          0.217 0.67568598 0.66883223
          0.218 0.67581206 0.66896837
          0.219 0.67592684 0.66909319
           0.22 0.67603042 0.66920683
          0.221 0.67612293 0.66930938
          0.222 0.67620446 0.66940097
          0.223 0.67627514 0.66948169
          0.224 0.67633506 0.66955167
          0.225 0.67638433 0.66961099
          0.226 0.67642307 0.66965978
          0.227 0.67645137 0.66969813
          0.228 0.67646934 0.66972614
          0.229 0.67647708 0.66974393
           0.23 0.67647469 0.6697516
          0.231 0.67646228 0.66974924
          0.232 0.67643994 0.66973695
          0.233 0.67640777 0.66971483
          0.234 0.67636588 0.66968299
          0.235 0.67631435 0.66964151
          0.236 0.67625329 0.66959049
          0.237 0.67618278 0.66953003
          0.238 0.67610293 0.66946023
          0.239 0.67601382 0.66938117
           0.24 0.67591554 0.66929294
          0.241 0.6758082 0.66919565
          0.242 0.67569187 0.66908937
          0.243 0.67556665 0.6689742
          0.244 0.67543263 0.66885023
          0.245 0.67528989 0.66871754
          0.246 0.67513853 0.66857622
          0.247 0.67497861 0.66842635
          0.248 0.67481024 0.66826803
          0.249 0.6746335 0.66810134
           0.25 0.67444847 0.66792635
          0.251 0.67425522 0.66774316
          0.252 0.67405385 0.66755183
          0.253 0.67384444 0.66735247
          0.254 0.67362705 0.66714513
          0.255 0.67340179 0.66692991
          0.256 0.67316871 0.66670688
          0.257 0.6729279 0.66647612
          0.258 0.67267944 0.66623771
          0.259 0.6724234 0.66599172
           0.26 0.67215986 0.66573823
          0.261 0.67188889 0.66547731
          0.262 0.67161057 0.66520903
          0.263 0.67132497 0.66493348
          0.264 0.67103216 0.66465072
          0.265 0.67073222 0.66436082
          0.266 0.67042521 0.66406385
          0.267 0.6701112 0.6637599
          0.268 0.66979027 0.66344901
          0.269 0.66946248 0.66313127
           0.27 0.66912791 0.66280675
          0.271 0.66878661 0.6624755
          0.272 0.66843867 0.66213759
          0.273 0.66808413 0.6617931
          0.274 0.66772307 0.66144209
          0.275 0.66735555 0.66108462
          0.276 0.66698165 0.66072076
          0.277 0.66660141 0.66035057
          0.278 0.66621491 0.65997411
          0.279 0.6658222 0.65959145
           0.28 0.66542335 0.65920265
          0.281 0.66501842 0.65880776
          0.282 0.66460747 0.65840686
          0.283 0.66419055 0.65799999
          0.284 0.66376774 0.65758723
          0.285 0.66333909 0.65716862
          0.286 0.66290465 0.65674422
          0.287 0.66246448 0.6563141
          0.288 0.66201864 0.65587831
          0.289 0.66156719 0.65543691
           0.29 0.66111018 0.65498995
          0.291 0.66064767 0.65453748
          0.292 0.66017972 0.65407957
          0.293 0.65970636 0.65361626
          0.294 0.65922767 0.65314762
          0.295 0.6587437 0.65267369
          0.296 0.65825448 0.65219452
          0.297 0.65776009 0.65171017
          0.298 0.65726057 0.6512207
          0.299 0.65675596 0.65072614
            0.3 0.65624633 0.65022655
          0.301 0.65573172 0.64972199
          0.302 0.65521218 0.64921249
          0.303 0.65468776 0.64869812
          0.304 0.65415851 0.64817891
          0.305 0.65362448 0.64765492
          0.306 0.65308571 0.6471262
          0.307 0.65254225 0.64659278
          0.308 0.65199415 0.64605473
          0.309 0.65144145 0.64551207
           0.31 0.6508842 0.64496487
          0.311 0.65032245 0.64441316
          0.312 0.64975623 0.643857
          0.313 0.64918561 0.64329641
          0.314 0.64861061 0.64273146
          0.315 0.64803128 0.64216217
          0.316 0.64744766 0.64158861
          0.317 0.64685981 0.64101079
          0.318 0.64626775 0.64042878
          0.319 0.64567154 0.63984261
           0.32 0.6450712 0.63925232
          0.321 0.6444668 0.63865796
          0.322 0.64385835 0.63805956
          0.323 0.64324591 0.63745717
          0.324 0.64262952 0.63685081
          0.325 0.6420092 0.63624055
          0.326 0.64138501 0.6356264
          0.327 0.64075699 0.63500842
          0.328 0.64012516 0.63438663
          0.329 0.63948957 0.63376109
           0.33 0.63885025 0.63313181
          0.331 0.63820724 0.63249885
          0.332 0.63756059 0.63186224
          0.333 0.63691031 0.63122201
          0.334 0.63625646 0.63057821
          0.335 0.63559907 0.62993085
          0.336 0.63493816 0.62928
          0.337 0.63427379 0.62862566
          0.338 0.63360597 0.62796789
          0.339 0.63293475 0.62730671
           0.34 0.63226016 0.62664217
          0.341 0.63158223 0.62597428
          0.342 0.630901 0.62530309
          0.343 0.63021649 0.62462863
          0.344 0.62952875 0.62395093
          0.345 0.6288378 0.62327003
          0.346 0.62814367 0.62258595
          0.347 0.62744641 0.62189872
          0.348 0.62674603 0.62120839
          0.349 0.62604257 0.62051497
           0.35 0.62533606 0.61981851
          0.351 0.62462653 0.61911902
          0.352 0.62391401 0.61841655
          0.353 0.62319853 0.61771111
          0.354 0.62248012 0.61700274
          0.355 0.62175881 0.61629148
          0.356 0.62103463 0.61557734
          0.357 0.6203076 0.61486035
          0.358 0.61957776 0.61414055
          0.359 0.61884513 0.61341797
           0.36 0.61810974 0.61269262
          0.361 0.61737161 0.61196454
          0.362 0.61663079 0.61123376
          0.363 0.61588728 0.6105003
          0.364 0.61514112 0.60976418
          0.365 0.61439234 0.60902544
          0.366 0.61364096 0.6082841
          0.367 0.612887 0.60754019
          0.368 0.6121305 0.60679373
          0.369 0.61137148 0.60604475
           0.37 0.61060995 0.60529327
          0.371 0.60984596 0.60453932
          0.372 0.60907952 0.60378292
          0.373 0.60831065 0.6030241
          0.374 0.60753938 0.60226288
          0.375 0.60676574 0.60149928
          0.376 0.60598975 0.60073333
          0.377 0.60521143 0.59996505
          0.378 0.6044308 0.59919447
          0.379 0.6036479 0.5984216
           0.38 0.60286273 0.59764648
          0.381 0.60207532 0.59686912
          0.382 0.6012857 0.59608954
          0.383 0.60049389 0.59530777
          0.384 0.59969991 0.59452383
          0.385 0.59890378 0.59373774
          0.386 0.59810552 0.59294952
          0.387 0.59730515 0.5921592
          0.388 0.59650269 0.59136679
          0.389 0.59569818 0.59057231
           0.39 0.59489161 0.58977579
          0.391 0.59408303 0.58897725
          0.392 0.59327243 0.5881767
          0.393 0.59245986 0.58737417
          0.394 0.59164532 0.58656967
          0.395 0.59082883 0.58576323
          0.396 0.59001042 0.58495486
          0.397 0.58919011 0.58414459
          0.398 0.5883679 0.58333243
          0.399 0.58754383 0.5825184
            0.4 0.58671791 0.58170252
          0.401 0.58589016 0.58088481
          0.402 0.58506059 0.58006529
          0.403 0.58422923 0.57924397
          0.404 0.58339609 0.57842087
          0.405 0.58256119 0.57759601
          0.406 0.58172455 0.57676941
          0.407 0.58088618 0.57594109
          0.408 0.5800461 0.57511106
          0.409 0.57920434 0.57427934
           0.41 0.5783609 0.57344594
          0.411 0.5775158 0.57261088
          0.412 0.57666907 0.57177419
          0.413 0.57582071 0.57093587
          0.414 0.57497074 0.57009594
          0.415 0.57411917 0.56925442
          0.416 0.57326603 0.56841133
          0.417 0.57241133 0.56756667
          0.418 0.57155509 0.56672047
          0.419 0.57069732 0.56587274
           0.42 0.56983803 0.56502349
          0.421 0.56897724 0.56417275
          0.422 0.56811496 0.56332051
          0.423 0.56725122 0.56246681
          0.424 0.56638602 0.56161166
          0.425 0.56551938 0.56075506
          0.426 0.56465132 0.55989704
          0.427 0.56378184 0.5590376
          0.428 0.56291096 0.55817677
          0.429 0.5620387 0.55731455
           0.43 0.56116507 0.55645096
          0.431 0.56029009 0.55558602
          0.432 0.55941376 0.55471973
          0.433 0.55853609 0.55385211
          0.434 0.55765712 0.55298318
          0.435 0.55677684 0.55211294
          0.436 0.55589526 0.55124141
          0.437 0.55501241 0.5503686
          0.438 0.5541283 0.54949453
          0.439 0.55324293 0.5486192
           0.44 0.55235632 0.54774264
          0.441 0.55146849 0.54686484
          0.442 0.55057944 0.54598583
          0.443 0.54968918 0.54510562
          0.444 0.54879774 0.54422422
          0.445 0.54790511 0.54334164
          0.446 0.54701132 0.54245789
          0.447 0.54611637 0.54157298
          0.448 0.54522027 0.54068693
          0.449 0.54432305 0.53979974
           0.45 0.5434247 0.53891143
          0.451 0.54252524 0.53802202
          0.452 0.54162468 0.5371315
          0.453 0.54072303 0.53623989
          0.454 0.5398203 0.53534721
          0.455 0.53891651 0.53445345
          0.456 0.53801165 0.53355864
          0.457 0.53710576 0.53266279
          0.458 0.53619882 0.5317659
          0.459 0.53529086 0.53086798
           0.46 0.53438189 0.52996905
          0.461 0.53347191 0.52906911
          0.462 0.53256094 0.52816818
          0.463 0.53164898 0.52726626
          0.464 0.53073604 0.52636337
          0.465 0.52982214 0.52545951
          0.466 0.52890728 0.52455469
          0.467 0.52799148 0.52364893
          0.468 0.52707474 0.52274223
          0.469 0.52615707 0.52183461
           0.47 0.52523848 0.52092606
          0.471 0.52431899 0.52001661
          0.472 0.52339859 0.51910625
          0.473 0.5224773 0.518195
          0.474 0.52155513 0.51728287
          0.475 0.52063208 0.51636987
          0.476 0.51970817 0.515456
          0.477 0.5187834 0.51454128
          0.478 0.51785779 0.5136257
          0.479 0.51693133 0.51270929
           0.48 0.51600405 0.51179204
          0.481 0.51507594 0.51087398
          0.482 0.51414701 0.5099551
          0.483 0.51321728 0.50903541
          0.484 0.51228675 0.50811492
          0.485 0.51135543 0.50719364
          0.486 0.51042333 0.50627158
          0.487 0.50949045 0.50534874
          0.488 0.50855681 0.50442514
          0.489 0.5076224 0.50350078
           0.49 0.50668724 0.50257566
          0.491 0.50575134 0.5016498
          0.492 0.5048147 0.50072321
          0.493 0.50387734 0.49979588
          0.494 0.50293924 0.49886783
          0.495 0.50200044 0.49793906
          0.496 0.50106092 0.49700959
          0.497 0.5001207 0.49607942
          0.498 0.49917979 0.49514855
          0.499 0.4982382 0.49421699
            0.5 0.49729592 0.49328475
          0.501 0.49635296 0.49235184
          0.502 0.49540934 0.49141826
          0.503 0.49446506 0.49048403
          0.504 0.49352013 0.48954913
          0.505 0.49257455 0.48861359
          0.506 0.49162833 0.48767741
          0.507 0.49068147 0.4867406
          0.508 0.48973398 0.48580315
          0.509 0.48878588 0.48486509
           0.51 0.48783715 0.48392641
          0.511 0.48688782 0.48298712
          0.512 0.48593788 0.48204722
          0.513 0.48498735 0.48110673
          0.514 0.48403622 0.48016565
          0.515 0.48308451 0.47922398
          0.516 0.48213222 0.47828173
          0.517 0.48117936 0.4773389
          0.518 0.48022592 0.47639551
          0.519 0.47927192 0.47545156
           0.52 0.47831737 0.47450704
          0.521 0.47736227 0.47356198
          0.522 0.47640661 0.47261637
          0.523 0.47545042 0.47167022
          0.524 0.47449369 0.47072353
          0.525 0.47353644 0.46977632
          0.526 0.47257865 0.46882858
          0.527 0.47162035 0.46788032
          0.528 0.47066153 0.46693154
          0.529 0.46970221 0.46598226
           0.53 0.46874238 0.46503247
          0.531 0.46778205 0.46408218
          0.532 0.46682123 0.4631314
          0.533 0.46585991 0.46218013
          0.534 0.46489812 0.46122837
          0.535 0.46393584 0.46027614
          0.536 0.46297309 0.45932343
          0.537 0.46200987 0.45837025
          0.538 0.46104618 0.4574166
          0.539 0.46008203 0.4564625
           0.54 0.45911743 0.45550794
          0.541 0.45815237 0.45455292
          0.542 0.45718687 0.45359746
          0.543 0.45622092 0.45264156
          0.544 0.45525454 0.45168521
          0.545 0.45428772 0.45072844
          0.546 0.45332048 0.44977123
          0.547 0.4523528 0.4488136
          0.548 0.45138471 0.44785555
          0.549 0.4504162 0.44689708
           0.55 0.44944727 0.4459382
          0.551 0.44847794 0.44497891
          0.552 0.44750821 0.44401921
          0.553 0.44653807 0.44305912
          0.554 0.44556753 0.44209862
          0.555 0.44459661 0.44113774
          0.556 0.44362529 0.44017647
          0.557 0.44265359 0.43921481
          0.558 0.44168151 0.43825277
          0.559 0.44070905 0.43729035
           0.56 0.43973622 0.43632756
          0.561 0.43876302 0.4353644
          0.562 0.43778945 0.43440087
          0.563 0.43681552 0.43343698
          0.564 0.43584123 0.43247274
          0.565 0.43486659 0.43150813
          0.566 0.43389159 0.43054318
          0.567 0.43291625 0.42957788
          0.568 0.43194056 0.42861223
          0.569 0.43096453 0.42764624
           0.57 0.42998816 0.42667991
          0.571 0.42901145 0.42571325
          0.572 0.42803442 0.42474626
          0.573 0.42705706 0.42377894
          0.574 0.42607937 0.42281129
          0.575 0.42510136 0.42184332
          0.576 0.42412303 0.42087504
          0.577 0.42314439 0.41990644
          0.578 0.42216544 0.41893753
          0.579 0.42118617 0.4179683
           0.58 0.42020661 0.41699878
          0.581 0.41922673 0.41602895
          0.582 0.41824656 0.41505882
          0.583 0.4172661 0.41408839
          0.584 0.41628533 0.41311767
          0.585 0.41530428 0.41214666
          0.586 0.41432294 0.41117536
          0.587 0.41334131 0.41020378
          0.588 0.41235941 0.40923191
          0.589 0.41137722 0.40825976
           0.59 0.41039475 0.40728734
          0.591 0.40941202 0.40631464
          0.592 0.40842901 0.40534168
          0.593 0.40744573 0.40436844
          0.594 0.40646219 0.40339494
          0.595 0.40547838 0.40242117
          0.596 0.40449431 0.40144715
          0.597 0.40350999 0.40047286
          0.598 0.4025254 0.39949832
          0.599 0.40154057 0.39852353
            0.6 0.40055549 0.39754849
          0.601 0.39957015 0.3965732
          0.602 0.39858458 0.39559766
          0.603 0.39759876 0.39462188
          0.604 0.39661269 0.39364586
          0.605 0.3956264 0.3926696
          0.606 0.39463986 0.39169311
          0.607 0.39365309 0.39071638
          0.608 0.39266609 0.38973943
          0.609 0.39167886 0.38876224
           0.61 0.39069141 0.38778483
          0.611 0.38970373 0.38680719
          0.612 0.38871583 0.38582933
          0.613 0.38772771 0.38485125
          0.614 0.38673937 0.38387295
          0.615 0.38575082 0.38289444
          0.616 0.38476205 0.38191571
          0.617 0.38377307 0.38093678
          0.618 0.38278388 0.37995763
          0.619 0.38179449 0.37897828
           0.62 0.38080489 0.37799872
          0.621 0.37981508 0.37701896
          0.622 0.37882508 0.37603899
          0.623 0.37783488 0.37505883
          0.624 0.37684448 0.37407847
          0.625 0.37585388 0.37309792
          0.626 0.37486309 0.37211717
          0.627 0.37387212 0.37113624
          0.628 0.37288095 0.37015511
          0.629 0.37188959 0.3691738
           0.63 0.37089805 0.3681923
          0.631 0.36990633 0.36721061
          0.632 0.36891442 0.36622875
          0.633 0.36792233 0.3652467
          0.634 0.36693007 0.36426448
          0.635 0.36593763 0.36328208
          0.636 0.36494501 0.36229951
          0.637 0.36395222 0.36131676
          0.638 0.36295926 0.36033384
          0.639 0.36196614 0.35935075
           0.64 0.36097284 0.3583675
          0.641 0.35997938 0.35738408
          0.642 0.35898575 0.35640049
          0.643 0.35799196 0.35541674
          0.644 0.356998 0.35443283
          0.645 0.35600389 0.35344876
          0.646 0.35500962 0.35246453
          0.647 0.3540152 0.35148015
          0.648 0.35302062 0.35049561
          0.649 0.35202588 0.34951092
           0.65 0.351031 0.34852607
          0.651 0.35003596 0.34754108
          0.652 0.34904077 0.34655593
          0.653 0.34804544 0.34557064
          0.654 0.34704996 0.3445852
          0.655 0.34605434 0.34359962
          0.656 0.34505857 0.3426139
          0.657 0.34406267 0.34162803
          0.658 0.34306662 0.34064202
          0.659 0.34207043 0.33965588
           0.66 0.34107411 0.3386696
          0.661 0.34007765 0.33768318
          0.662 0.33908105 0.33669662
          0.663 0.33808432 0.33570994
          0.664 0.33708746 0.33472312
          0.665 0.33609047 0.33373617
          0.666 0.33509335 0.33274909
          0.667 0.3340961 0.33176188
          0.668 0.33309873 0.33077455
          0.669 0.33210123 0.32978709
           0.67 0.3311036 0.32879951
          0.671 0.33010586 0.3278118
          0.672 0.32910799 0.32682397
          0.673 0.32810999 0.32583602
          0.674 0.32711188 0.32484795
          0.675 0.32611366 0.32385977
          0.676 0.32511531 0.32287146
          0.677 0.32411685 0.32188304
          0.678 0.32311827 0.32089451
          0.679 0.32211958 0.31990586
           0.68 0.32112078 0.3189171
          0.681 0.32012187 0.31792822
          0.682 0.31912284 0.31693924
          0.683 0.31812371 0.31595015
          0.684 0.31712447 0.31496095
          0.685 0.31612512 0.31397164
          0.686 0.31512567 0.31298223
          0.687 0.31412611 0.31199271
          0.688 0.31312644 0.31100309
          0.689 0.31212668 0.31001337
           0.69 0.31112681 0.30902354
          0.691 0.31012684 0.30803361
          0.692 0.30912677 0.30704359
          0.693 0.30812661 0.30605346
          0.694 0.30712634 0.30506324
          0.695 0.30612598 0.30407292
          0.696 0.30512552 0.3030825
          0.697 0.30412497 0.30209199
          0.698 0.30312432 0.30110139
          0.699 0.30212359 0.30011069
            0.7 0.30112275 0.2991199
          0.701 0.30012183 0.29812902
          0.702 0.29912082 0.29713805
          0.703 0.29811972 0.29614698
          0.704 0.29711853 0.29515583
          0.705 0.29611725 0.2941646
          0.706 0.29511588 0.29317327
          0.707 0.29411443 0.29218186
          0.708 0.29311289 0.29119037
          0.709 0.29211127 0.29019879
           0.71 0.29110957 0.28920713
          0.711 0.29010779 0.28821538
          0.712 0.28910592 0.28722356
          0.713 0.28810397 0.28623165
          0.714 0.28710194 0.28523966
          0.715 0.28609983 0.2842476
          0.716 0.28509765 0.28325545
          0.717 0.28409538 0.28226323
          0.718 0.28309304 0.28127093
          0.719 0.28209062 0.28027855
           0.72 0.28108813 0.2792861
          0.721 0.28008556 0.27829358
          0.722 0.27908292 0.27730098
          0.723 0.27808021 0.2763083
          0.724 0.27707742 0.27531556
          0.725 0.27607456 0.27432274
          0.726 0.27507163 0.27332985
          0.727 0.27406863 0.27233689
          0.728 0.27306556 0.27134387
          0.729 0.27206242 0.27035077
           0.73 0.27105922 0.2693576
          0.731 0.27005594 0.26836437
          0.732 0.2690526 0.26737107
          0.733 0.2680492 0.2663777
          0.734 0.26704572 0.26538427
          0.735 0.26604218 0.26439078
          0.736 0.26503858 0.26339722
          0.737 0.26403492 0.26240359
          0.738 0.26303119 0.2614099
          0.739 0.2620274 0.26041615
           0.74 0.26102354 0.25942234
          0.741 0.26001963 0.25842847
          0.742 0.25901566 0.25743454
          0.743 0.25801162 0.25644054
          0.744 0.25700753 0.25544649
          0.745 0.25600338 0.25445238
          0.746 0.25499917 0.25345821
          0.747 0.2539949 0.25246399
          0.748 0.25299057 0.2514697
          0.749 0.25198619 0.25047536
           0.75 0.25098175 0.24948097
          0.751 0.24997726 0.24848651
          0.752 0.24897271 0.24749201
          0.753 0.24796811 0.24649745
          0.754 0.24696346 0.24550283
          0.755 0.24595875 0.24450817
          0.756 0.24495399 0.24351345
          0.757 0.24394917 0.24251868
          0.758 0.24294431 0.24152385
          0.759 0.24193939 0.24052898
           0.76 0.24093443 0.23953405
          0.761 0.23992941 0.23853908
          0.762 0.23892435 0.23754405
          0.763 0.23791923 0.23654898
          0.764 0.23691407 0.23555386
          0.765 0.23590885 0.23455869
          0.766 0.2349036 0.23356347
          0.767 0.23389829 0.2325682
          0.768 0.23289294 0.23157289
          0.769 0.23188754 0.23057753
           0.77 0.23088209 0.22958213
          0.771 0.2298766 0.22858668
          0.772 0.22887107 0.22759119
          0.773 0.22786549 0.22659565
          0.774 0.22685986 0.22560007
          0.775 0.2258542 0.22460444
          0.776 0.22484849 0.22360877
          0.777 0.22384273 0.22261306
          0.778 0.22283694 0.22161731
          0.779 0.2218311 0.22062151
           0.78 0.22082523 0.21962568
          0.781 0.21981931 0.2186298
          0.782 0.21881335 0.21763388
          0.783 0.21780735 0.21663792
          0.784 0.21680131 0.21564192
          0.785 0.21579523 0.21464589
          0.786 0.21478911 0.21364981
          0.787 0.21378295 0.2126537
          0.788 0.21277676 0.21165754
          0.789 0.21177053 0.21066135
           0.79 0.21076426 0.20966512
          0.791 0.20975795 0.20866886
          0.792 0.20875161 0.20767255
          0.793 0.20774523 0.20667622
          0.794 0.20673881 0.20567984
          0.795 0.20573236 0.20468343
          0.796 0.20472587 0.20368699
          0.797 0.20371935 0.2026905
          0.798 0.20271279 0.20169399
          0.799 0.2017062 0.20069744
            0.8 0.20069958 0.19970086
          0.801 0.19969292 0.19870424
          0.802 0.19868623 0.19770759
          0.803 0.19767951 0.19671091
          0.804 0.19667275 0.19571419
          0.805 0.19566596 0.19471745
          0.806 0.19465914 0.19372067
          0.807 0.19365229 0.19272385
          0.808 0.1926454 0.19172701
          0.809 0.19163849 0.19073014
           0.81 0.19063154 0.18973323
          0.811 0.18962457 0.1887363
          0.812 0.18861756 0.18773934
          0.813 0.18761053 0.18674234
          0.814 0.18660346 0.18574532
          0.815 0.18559637 0.18474827
          0.816 0.18458924 0.18375118
          0.817 0.18358209 0.18275407
          0.818 0.18257491 0.18175694
          0.819 0.18156771 0.18075977
           0.82 0.18056047 0.17976257
          0.821 0.17955321 0.17876535
          0.822 0.17854592 0.1777681
          0.823 0.1775386 0.17677083
          0.824 0.17653126 0.17577353
          0.825 0.17552389 0.1747762
          0.826 0.17451649 0.17377884
          0.827 0.17350907 0.17278146
          0.828 0.17250162 0.17178405
          0.829 0.17149415 0.17078662
           0.83 0.17048665 0.16978917
          0.831 0.16947912 0.16879168
          0.832 0.16847158 0.16779418
          0.833 0.167464 0.16679665
          0.834 0.16645641 0.16579909
          0.835 0.16544879 0.16480151
          0.836 0.16444114 0.16380391
          0.837 0.16343348 0.16280628
          0.838 0.16242579 0.16180864
          0.839 0.16141807 0.16081096
           0.84 0.16041034 0.15981327
          0.841 0.15940258 0.15881555
          0.842 0.1583948 0.15781781
          0.843 0.157387 0.15682005
          0.844 0.15637917 0.15582227
          0.845 0.15537132 0.15482446
          0.846 0.15436346 0.15382664
          0.847 0.15335557 0.15282879
          0.848 0.15234766 0.15183092
          0.849 0.15133973 0.15083303
           0.85 0.15033178 0.14983512
          0.851 0.14932381 0.14883719
          0.852 0.14831581 0.14783924
          0.853 0.1473078 0.14684127
          0.854 0.14629977 0.14584328
          0.855 0.14529172 0.14484527
          0.856 0.14428365 0.14384724
          0.857 0.14327556 0.1428492
          0.858 0.14226745 0.14185113
          0.859 0.14125933 0.14085304
           0.86 0.14025118 0.13985494
          0.861 0.13924302 0.13885682
          0.862 0.13823483 0.13785867
          0.863 0.13722663 0.13686052
          0.864 0.13621842 0.13586234
          0.865 0.13521018 0.13486414
          0.866 0.13420193 0.13386593
          0.867 0.13319366 0.1328677
          0.868 0.13218537 0.13186946
          0.869 0.13117706 0.13087119
           0.87 0.13016874 0.12987291
          0.871 0.1291604 0.12887462
          0.872 0.12815205 0.1278763
          0.873 0.12714368 0.12687797
          0.874 0.12613529 0.12587963
          0.875 0.12512689 0.12488126
          0.876 0.12411847 0.12388289
          0.877 0.12311003 0.12288449
          0.878 0.12210158 0.12188608
          0.879 0.12109312 0.12088766
           0.88 0.12008464 0.11988922
          0.881 0.11907614 0.11889076
          0.882 0.11806763 0.11789229
          0.883 0.1170591 0.11689381
          0.884 0.11605056 0.11589531
          0.885 0.11504201 0.1148968
          0.886 0.11403344 0.11389827
          0.887 0.11302485 0.11289973
          0.888 0.11201626 0.11190117
          0.889 0.11100765 0.1109026
           0.89 0.10999902 0.10990402
          0.891 0.10899038 0.10890542
          0.892 0.10798173 0.10790681
          0.893 0.10697306 0.10690818
          0.894 0.10596438 0.10590955
          0.895 0.10495569 0.1049109
          0.896 0.10394699 0.10391223
          0.897 0.10293827 0.10291356
          0.898 0.10192954 0.10191487
          0.899 0.1009208 0.10091616
            0.9 0.099912041 0.09991745
          0.901 0.098903273 0.098918723
          0.902 0.097894492 0.097919985
          0.903 0.0968857 0.096921234
          0.904 0.095876896 0.095922471
          0.905 0.09486808 0.094923696
          0.906 0.093859252 0.093924909
          0.907 0.092850413 0.092926111
          0.908 0.091841562 0.091927302
          0.909 0.090832699 0.09092848
           0.91 0.089823826 0.089929648
          0.911 0.088814941 0.088930805
          0.912 0.087806045 0.08793195
          0.913 0.086797138 0.086933085
          0.914 0.08578822 0.085934208
          0.915 0.084779292 0.084935321
          0.916 0.083770353 0.083936423
          0.917 0.082761404 0.082937515
          0.918 0.081752444 0.081938597
          0.919 0.080743473 0.080939668
           0.92 0.079734493 0.079940729
          0.921 0.078725502 0.078941779
          0.922 0.077716502 0.07794282
          0.923 0.076707491 0.076943851
          0.924 0.075698471 0.075944872
          0.925 0.074689441 0.074945883
          0.926 0.073680402 0.073946885
          0.927 0.072671352 0.072947877
          0.928 0.071662294 0.07194886
          0.929 0.070653226 0.070949833
           0.93 0.069644149 0.069950798
          0.931 0.068635063 0.068951753
          0.932 0.067625968 0.067952699
          0.933 0.066616863 0.066953636
          0.934 0.06560775 0.065954564
          0.935 0.064598628 0.064955484
          0.936 0.063589498 0.063956394
          0.937 0.062580359 0.062957296
          0.938 0.061571211 0.06195819
          0.939 0.060562055 0.060959075
           0.94 0.05955289 0.059959952
          0.941 0.058543717 0.05896082
          0.942 0.057534536 0.057961681
          0.943 0.056525347 0.056962533
          0.944 0.05551615 0.055963377
          0.945 0.054506945 0.054964213
          0.946 0.053497732 0.053965042
          0.947 0.052488512 0.052965862
          0.948 0.051479283 0.051966675
          0.949 0.050470047 0.05096748
           0.95 0.049460803 0.049968278
          0.951 0.048451552 0.048969068
          0.952 0.047442294 0.047969851
          0.953 0.046433028 0.046970627
          0.954 0.045423755 0.045971395
          0.955 0.044414475 0.044972156
          0.956 0.043405187 0.04397291
          0.957 0.042395893 0.042973656
          0.958 0.041386591 0.041974396
          0.959 0.040377283 0.040975129
           0.96 0.039367968 0.039975855
          0.961 0.038358646 0.038976575
          0.962 0.037349317 0.037977287
          0.963 0.036339982 0.036977993
          0.964 0.03533064 0.035978692
          0.965 0.034321291 0.034979385
          0.966 0.033311936 0.033980072
          0.967 0.032302575 0.032980752
          0.968 0.031293208 0.031981426
          0.969 0.030283834 0.030982093
           0.97 0.029274454 0.029982754
          0.971 0.028265068 0.02898341
          0.972 0.027255675 0.027984059
          0.973 0.026246277 0.026984702
          0.974 0.025236873 0.025985339
          0.975 0.024227463 0.02498597
          0.976 0.023218047 0.023986596
          0.977 0.022208626 0.022987215
          0.978 0.021199198 0.021987829
          0.979 0.020189765 0.020988438
           0.98 0.019180327 0.01998904
          0.981 0.018170883 0.018989637
          0.982 0.017161433 0.017990229
          0.983 0.016151978 0.016990815
          0.984 0.015142517 0.015991396
          0.985 0.014133052 0.014991972
          0.986 0.013123581 0.013992542
          0.987 0.012114104 0.012993107
          0.988 0.011104623 0.011993667
          0.989 0.010095136 0.010994222
           0.99 0.0090856446 0.0099947712
          0.991 0.008076148 0.0089953159
          0.992 0.0070666463 0.0079958556
          0.993 0.0060571398 0.0069963903
          0.994 0.0050476284 0.0059969202
          0.995 0.0040381122 0.0049974453
          0.996 0.0030285912 0.0039979656
          0.997 0.0020190654 0.0029984812
          0.998 0.001009535 0.0019989921
          0.999 0 0.00099949832
