              0 0.094041317
           0.01 0.17808263
           0.02 0.25307558
           0.03 0.31988121
           0.04 0.37927866
           0.05 0.43197292
           0.06 0.47860186
           0.07 0.51974269
           0.08 0.55591767
           0.09 0.58759935
            0.1 0.61521534
           0.11 0.63915254
           0.12 0.65976103
           0.13 0.67735757
           0.14 0.69222879
           0.15 0.70463405
           0.16 0.714808
           0.17 0.72296299
           0.18 0.72929114
           0.19 0.73396631
            0.2 0.73714579
           0.21 0.73897191
           0.22 0.73957347
           0.23 0.739067
           0.24 0.73755794
           0.25 0.7351417
           0.26 0.73190462
           0.27 0.72792479
           0.28 0.72327291
           0.29 0.71801293
            0.3 0.71220272
           0.31 0.70589464
           0.32 0.69913606
           0.33 0.69196986
           0.34 0.68443484
           0.35 0.67656607
           0.36 0.66839534
           0.37 0.65995137
           0.38 0.65126016
           0.39 0.64234524
            0.4 0.63322791
           0.41 0.62392742
           0.42 0.6144612
           0.43 0.60484503
           0.44 0.59509317
           0.45 0.58521853
           0.46 0.57523281
           0.47 0.56514657
           0.48 0.55496938
           0.49 0.54470989
            0.5 0.53437593
           0.51 0.52397459
           0.52 0.51351229
           0.53 0.50299482
           0.54 0.49242744
           0.55 0.48181488
           0.56 0.47116147
           0.57 0.46047107
           0.58 0.44974721
           0.59 0.43899308
            0.6 0.42821155
           0.61 0.41740524
           0.62 0.40657649
           0.63 0.39572745
           0.64 0.38486005
           0.65 0.37397604
           0.66 0.36307699
           0.67 0.35216433
           0.68 0.34123937
           0.69 0.33030327
            0.7 0.31935709
           0.71 0.30840179
           0.72 0.29743824
           0.73 0.28646723
           0.74 0.27548946
           0.75 0.26450557
           0.76 0.25351616
           0.77 0.24252174
           0.78 0.2315228
           0.79 0.22051975
            0.8 0.209513
           0.81 0.1985029
           0.82 0.18748975
           0.83 0.17647387
           0.84 0.16545549
           0.85 0.15443487
           0.86 0.14341222
           0.87 0.13238772
           0.88 0.12136156
           0.89 0.11033388
            0.9 0.09930485
           0.91 0.088274582
           0.92 0.077243197
           0.93 0.066210801
           0.94 0.055177491
           0.95 0.044143354
           0.96 0.033108469
           0.97 0.022072906
           0.98 0.01103673
           0.99 0
