              0 0.0090400874
          0.001 0.017980175
          0.002 0.026821257
          0.003 0.03556432
          0.004 0.044210338
          0.005 0.052760277
          0.006 0.061215093
          0.007 0.069575733
          0.008 0.077843133
          0.009 0.086018222
           0.01 0.094101917
          0.011 0.10209513
          0.012 0.10999876
          0.013 0.11781369
          0.014 0.12554082
          0.015 0.13318101
          0.016 0.14073513
          0.017 0.14820404
          0.018 0.15558858
          0.019 0.16288959
           0.02 0.17010791
          0.021 0.17724435
          0.022 0.18429973
          0.023 0.19127487
          0.024 0.19817055
          0.025 0.20498756
          0.026 0.2117267
          0.027 0.21838873
          0.028 0.22497443
          0.029 0.23148454
           0.03 0.23791983
          0.031 0.24428104
          0.032 0.2505689
          0.033 0.25678415
          0.034 0.2629275
          0.035 0.26899968
          0.036 0.27500139
          0.037 0.28093333
          0.038 0.2867962
          0.039 0.29259068
           0.04 0.29831746
          0.041 0.3039772
          0.042 0.30957058
          0.043 0.31509826
          0.044 0.32056088
          0.045 0.3259591
          0.046 0.33129356
          0.047 0.33656489
          0.048 0.34177372
          0.049 0.34692067
           0.05 0.35200635
          0.051 0.35703139
          0.052 0.36199637
          0.053 0.36690191
          0.054 0.37174858
          0.055 0.37653698
          0.056 0.38126768
          0.057 0.38594126
          0.058 0.39055829
          0.059 0.39511933
           0.06 0.39962494
          0.061 0.40407566
          0.062 0.40847205
          0.063 0.41281465
          0.064 0.41710399
          0.065 0.42134059
          0.066 0.425525
          0.067 0.42965772
          0.068 0.43373926
          0.069 0.43777015
           0.07 0.44175088
          0.071 0.44568195
          0.072 0.44956385
          0.073 0.45339708
          0.074 0.45718212
          0.075 0.46091945
          0.076 0.46460954
          0.077 0.46825286
          0.078 0.47184988
          0.079 0.47540107
           0.08 0.47890686
          0.081 0.48236773
          0.082 0.48578411
          0.083 0.48915644
          0.084 0.49248517
          0.085 0.49577073
          0.086 0.49901355
          0.087 0.50221405
          0.088 0.50537266
          0.089 0.50848979
           0.09 0.51156585
          0.091 0.51460126
          0.092 0.51759641
          0.093 0.52055171
          0.094 0.52346756
          0.095 0.52634434
          0.096 0.52918245
          0.097 0.53198227
          0.098 0.53474419
          0.099 0.53746857
            0.1 0.54015579
          0.101 0.54280622
          0.102 0.54542024
          0.103 0.54799819
          0.104 0.55054044
          0.105 0.55304735
          0.106 0.55551927
          0.107 0.55795653
          0.108 0.5603595
          0.109 0.56272851
           0.11 0.5650639
          0.111 0.567366
          0.112 0.56963514
          0.113 0.57187165
          0.114 0.57407587
          0.115 0.5762481
          0.116 0.57838866
          0.117 0.58049788
          0.118 0.58257606
          0.119 0.58462351
           0.12 0.58664054
          0.121 0.58862746
          0.122 0.59058455
          0.123 0.59251212
          0.124 0.59441046
          0.125 0.59627986
          0.126 0.59812061
          0.127 0.59993299
          0.128 0.6017173
          0.129 0.60347379
           0.13 0.60520277
          0.131 0.60690448
          0.132 0.60857922
          0.133 0.61022724
          0.134 0.61184882
          0.135 0.61344421
          0.136 0.61501367
          0.137 0.61655747
          0.138 0.61807586
          0.139 0.6195691
           0.14 0.62103742
          0.141 0.62248108
          0.142 0.62390033
          0.143 0.62529541
          0.144 0.62666656
          0.145 0.62801402
          0.146 0.62933801
          0.147 0.63063879
          0.148 0.63191657
          0.149 0.63317159
           0.15 0.63440407
          0.151 0.63561424
          0.152 0.63680231
          0.153 0.63796852
          0.154 0.63911307
          0.155 0.64023619
          0.156 0.64133807
          0.157 0.64241895
          0.158 0.64347902
          0.159 0.64451849
           0.16 0.64553758
          0.161 0.64653647
          0.162 0.64751537
          0.163 0.64847448
          0.164 0.649414
          0.165 0.65033412
          0.166 0.65123504
          0.167 0.65211694
          0.168 0.65298002
          0.169 0.65382446
           0.17 0.65465045
          0.171 0.65545817
          0.172 0.6562478
          0.173 0.65701953
          0.174 0.65777353
          0.175 0.65850998
          0.176 0.65922905
          0.177 0.65993091
          0.178 0.66061574
          0.179 0.66128371
           0.18 0.66193498
          0.181 0.66256972
          0.182 0.6631881
          0.183 0.66379027
          0.184 0.66437641
          0.185 0.66494666
          0.186 0.66550118
          0.187 0.66604014
          0.188 0.66656369
          0.189 0.66707198
           0.19 0.66756516
          0.191 0.66804339
          0.192 0.6685068
          0.193 0.66895556
          0.194 0.6693898
          0.195 0.66980967
          0.196 0.67021531
          0.197 0.67060687
          0.198 0.67098448
          0.199 0.67134828
            0.2 0.67169842
          0.201 0.67203502
          0.202 0.67235822
          0.203 0.67266816
          0.204 0.67296496
          0.205 0.67324877
          0.206 0.67351969
          0.207 0.67377787
          0.208 0.67402344
          0.209 0.67425651
           0.21 0.67447721
          0.211 0.67468566
          0.212 0.674882
          0.213 0.67506633
          0.214 0.67523877
          0.215 0.67539945
          0.216 0.67554848
          0.217 0.67568598
          0.218 0.67581206
          0.219 0.67592684
           0.22 0.67603042
          0.221 0.67612293
          0.222 0.67620446
          0.223 0.67627514
          0.224 0.67633506
          0.225 0.67638433
          0.226 0.67642307
          0.227 0.67645137
          0.228 0.67646934
          0.229 0.67647708
           0.23 0.67647469
          0.231 0.67646228
          0.232 0.67643994
          0.233 0.67640777
          0.234 0.67636588
          0.235 0.67631435
          0.236 0.67625329
          0.237 0.67618278
          0.238 0.67610293
          0.239 0.67601382
           0.24 0.67591554
          0.241 0.6758082
          0.242 0.67569187
          0.243 0.67556665
          0.244 0.67543263
          0.245 0.67528989
          0.246 0.67513853
          0.247 0.67497861
          0.248 0.67481024
          0.249 0.6746335
           0.25 0.67444847
          0.251 0.67425522
          0.252 0.67405385
          0.253 0.67384444
          0.254 0.67362705
          0.255 0.67340179
          0.256 0.67316871
          0.257 0.6729279
          0.258 0.67267944
          0.259 0.6724234
           0.26 0.67215986
          0.261 0.67188889
          0.262 0.67161057
          0.263 0.67132497
          0.264 0.67103216
          0.265 0.67073222
          0.266 0.67042521
          0.267 0.6701112
          0.268 0.66979027
          0.269 0.66946248
           0.27 0.66912791
          0.271 0.66878661
          0.272 0.66843867
          0.273 0.66808413
          0.274 0.66772307
          0.275 0.66735555
          0.276 0.66698165
          0.277 0.66660141
          0.278 0.66621491
          0.279 0.6658222
           0.28 0.66542335
          0.281 0.66501842
          0.282 0.66460747
          0.283 0.66419055
          0.284 0.66376774
          0.285 0.66333909
          0.286 0.66290465
          0.287 0.66246448
          0.288 0.66201864
          0.289 0.66156719
           0.29 0.66111018
          0.291 0.66064767
          0.292 0.66017972
          0.293 0.65970636
          0.294 0.65922767
          0.295 0.6587437
          0.296 0.65825448
          0.297 0.65776009
          0.298 0.65726057
          0.299 0.65675596
            0.3 0.65624633
          0.301 0.65573172
          0.302 0.65521218
          0.303 0.65468776
          0.304 0.65415851
          0.305 0.65362448
          0.306 0.65308571
          0.307 0.65254225
          0.308 0.65199415
          0.309 0.65144145
           0.31 0.6508842
          0.311 0.65032245
          0.312 0.64975623
          0.313 0.64918561
          0.314 0.64861061
          0.315 0.64803128
          0.316 0.64744766
          0.317 0.64685981
          0.318 0.64626775
          0.319 0.64567154
           0.32 0.6450712
          0.321 0.6444668
          0.322 0.64385835
          0.323 0.64324591
          0.324 0.64262952
          0.325 0.6420092
          0.326 0.64138501
          0.327 0.64075699
          0.328 0.64012516
          0.329 0.63948957
           0.33 0.63885025
          0.331 0.63820724
          0.332 0.63756059
          0.333 0.63691031
          0.334 0.63625646
          0.335 0.63559907
          0.336 0.63493816
          0.337 0.63427379
          0.338 0.63360597
          0.339 0.63293475
           0.34 0.63226016
          0.341 0.63158223
          0.342 0.630901
          0.343 0.63021649
          0.344 0.62952875
          0.345 0.6288378
          0.346 0.62814367
          0.347 0.62744641
          0.348 0.62674603
          0.349 0.62604257
           0.35 0.62533606
          0.351 0.62462653
          0.352 0.62391401
          0.353 0.62319853
          0.354 0.62248012
          0.355 0.62175881
          0.356 0.62103463
          0.357 0.6203076
          0.358 0.61957776
          0.359 0.61884513
           0.36 0.61810974
          0.361 0.61737161
          0.362 0.61663079
          0.363 0.61588728
          0.364 0.61514112
          0.365 0.61439234
          0.366 0.61364096
          0.367 0.612887
          0.368 0.6121305
          0.369 0.61137148
           0.37 0.61060995
          0.371 0.60984596
          0.372 0.60907952
          0.373 0.60831065
          0.374 0.60753938
          0.375 0.60676574
          0.376 0.60598975
          0.377 0.60521143
          0.378 0.6044308
          0.379 0.6036479
           0.38 0.60286273
          0.381 0.60207532
          0.382 0.6012857
          0.383 0.60049389
          0.384 0.59969991
          0.385 0.59890378
          0.386 0.59810552
          0.387 0.59730515
          0.388 0.59650269
          0.389 0.59569818
           0.39 0.59489161
          0.391 0.59408303
          0.392 0.59327243
          0.393 0.59245986
          0.394 0.59164532
          0.395 0.59082883
          0.396 0.59001042
          0.397 0.58919011
          0.398 0.5883679
          0.399 0.58754383
            0.4 0.58671791
          0.401 0.58589016
          0.402 0.58506059
          0.403 0.58422923
          0.404 0.58339609
          0.405 0.58256119
          0.406 0.58172455
          0.407 0.58088618
          0.408 0.5800461
          0.409 0.57920434
           0.41 0.5783609
          0.411 0.5775158
          0.412 0.57666907
          0.413 0.57582071
          0.414 0.57497074
          0.415 0.57411917
          0.416 0.57326603
          0.417 0.57241133
          0.418 0.57155509
          0.419 0.57069732
           0.42 0.56983803
          0.421 0.56897724
          0.422 0.56811496
          0.423 0.56725122
          0.424 0.56638602
          0.425 0.56551938
          0.426 0.56465132
          0.427 0.56378184
          0.428 0.56291096
          0.429 0.5620387
           0.43 0.56116507
          0.431 0.56029009
          0.432 0.55941376
          0.433 0.55853609
          0.434 0.55765712
          0.435 0.55677684
          0.436 0.55589526
          0.437 0.55501241
          0.438 0.5541283
          0.439 0.55324293
           0.44 0.55235632
          0.441 0.55146849
          0.442 0.55057944
          0.443 0.54968918
          0.444 0.54879774
          0.445 0.54790511
          0.446 0.54701132
          0.447 0.54611637
          0.448 0.54522027
          0.449 0.54432305
           0.45 0.5434247
          0.451 0.54252524
          0.452 0.54162468
          0.453 0.54072303
          0.454 0.5398203
          0.455 0.53891651
          0.456 0.53801165
          0.457 0.53710576
          0.458 0.53619882
          0.459 0.53529086
           0.46 0.53438189
          0.461 0.53347191
          0.462 0.53256094
          0.463 0.53164898
          0.464 0.53073604
          0.465 0.52982214
          0.466 0.52890728
          0.467 0.52799148
          0.468 0.52707474
          0.469 0.52615707
           0.47 0.52523848
          0.471 0.52431899
          0.472 0.52339859
          0.473 0.5224773
          0.474 0.52155513
          0.475 0.52063208
          0.476 0.51970817
          0.477 0.5187834
          0.478 0.51785779
          0.479 0.51693133
           0.48 0.51600405
          0.481 0.51507594
          0.482 0.51414701
          0.483 0.51321728
          0.484 0.51228675
          0.485 0.51135543
          0.486 0.51042333
          0.487 0.50949045
          0.488 0.50855681
          0.489 0.5076224
           0.49 0.50668724
          0.491 0.50575134
          0.492 0.5048147
          0.493 0.50387734
          0.494 0.50293924
          0.495 0.50200044
          0.496 0.50106092
          0.497 0.5001207
          0.498 0.49917979
          0.499 0.4982382
            0.5 0.49729592
          0.501 0.49635296
          0.502 0.49540934
          0.503 0.49446506
          0.504 0.49352013
          0.505 0.49257455
          0.506 0.49162833
          0.507 0.49068147
          0.508 0.48973398
          0.509 0.48878588
           0.51 0.48783715
          0.511 0.48688782
          0.512 0.48593788
          0.513 0.48498735
          0.514 0.48403622
          0.515 0.48308451
          0.516 0.48213222
          0.517 0.48117936
          0.518 0.48022592
          0.519 0.47927192
           0.52 0.47831737
          0.521 0.47736227
          0.522 0.47640661
          0.523 0.47545042
          0.524 0.47449369
          0.525 0.47353644
          0.526 0.47257865
          0.527 0.47162035
          0.528 0.47066153
          0.529 0.46970221
           0.53 0.46874238
          0.531 0.46778205
          0.532 0.46682123
          0.533 0.46585991
          0.534 0.46489812
          0.535 0.46393584
          0.536 0.46297309
          0.537 0.46200987
          0.538 0.46104618
          0.539 0.46008203
           0.54 0.45911743
          0.541 0.45815237
          0.542 0.45718687
          0.543 0.45622092
          0.544 0.45525454
          0.545 0.45428772
          0.546 0.45332048
          0.547 0.4523528
          0.548 0.45138471
          0.549 0.4504162
           0.55 0.44944727
          0.551 0.44847794
          0.552 0.44750821
          0.553 0.44653807
          0.554 0.44556753
          0.555 0.44459661
          0.556 0.44362529
          0.557 0.44265359
          0.558 0.44168151
          0.559 0.44070905
           0.56 0.43973622
          0.561 0.43876302
          0.562 0.43778945
          0.563 0.43681552
          0.564 0.43584123
          0.565 0.43486659
          0.566 0.43389159
          0.567 0.43291625
          0.568 0.43194056
          0.569 0.43096453
           0.57 0.42998816
          0.571 0.42901145
          0.572 0.42803442
          0.573 0.42705706
          0.574 0.42607937
          0.575 0.42510136
          0.576 0.42412303
          0.577 0.42314439
          0.578 0.42216544
          0.579 0.42118617
           0.58 0.42020661
          0.581 0.41922673
          0.582 0.41824656
          0.583 0.4172661
          0.584 0.41628533
          0.585 0.41530428
          0.586 0.41432294
          0.587 0.41334131
          0.588 0.41235941
          0.589 0.41137722
           0.59 0.41039475
          0.591 0.40941202
          0.592 0.40842901
          0.593 0.40744573
          0.594 0.40646219
          0.595 0.40547838
          0.596 0.40449431
          0.597 0.40350999
          0.598 0.4025254
          0.599 0.40154057
            0.6 0.40055549
          0.601 0.39957015
          0.602 0.39858458
          0.603 0.39759876
          0.604 0.39661269
          0.605 0.3956264
          0.606 0.39463986
          0.607 0.39365309
          0.608 0.39266609
          0.609 0.39167886
           0.61 0.39069141
          0.611 0.38970373
          0.612 0.38871583
          0.613 0.38772771
          0.614 0.38673937
          0.615 0.38575082
          0.616 0.38476205
          0.617 0.38377307
          0.618 0.38278388
          0.619 0.38179449
           0.62 0.38080489
          0.621 0.37981508
          0.622 0.37882508
          0.623 0.37783488
          0.624 0.37684448
          0.625 0.37585388
          0.626 0.37486309
          0.627 0.37387212
          0.628 0.37288095
          0.629 0.37188959
           0.63 0.37089805
          0.631 0.36990633
          0.632 0.36891442
          0.633 0.36792233
          0.634 0.36693007
          0.635 0.36593763
          0.636 0.36494501
          0.637 0.36395222
          0.638 0.36295926
          0.639 0.36196614
           0.64 0.36097284
          0.641 0.35997938
          0.642 0.35898575
          0.643 0.35799196
          0.644 0.356998
          0.645 0.35600389
          0.646 0.35500962
          0.647 0.3540152
          0.648 0.35302062
          0.649 0.35202588
           0.65 0.351031
          0.651 0.35003596
          0.652 0.34904077
          0.653 0.34804544
          0.654 0.34704996
          0.655 0.34605434
          0.656 0.34505857
          0.657 0.34406267
          0.658 0.34306662
          0.659 0.34207043
           0.66 0.34107411
          0.661 0.34007765
          0.662 0.33908105
          0.663 0.33808432
          0.664 0.33708746
          0.665 0.33609047
          0.666 0.33509335
          0.667 0.3340961
          0.668 0.33309873
          0.669 0.33210123
           0.67 0.3311036
          0.671 0.33010586
          0.672 0.32910799
          0.673 0.32810999
          0.674 0.32711188
          0.675 0.32611366
          0.676 0.32511531
          0.677 0.32411685
          0.678 0.32311827
          0.679 0.32211958
           0.68 0.32112078
          0.681 0.32012187
          0.682 0.31912284
          0.683 0.31812371
          0.684 0.31712447
          0.685 0.31612512
          0.686 0.31512567
          0.687 0.31412611
          0.688 0.31312644
          0.689 0.31212668
           0.69 0.31112681
          0.691 0.31012684
          0.692 0.30912677
          0.693 0.30812661
          0.694 0.30712634
          0.695 0.30612598
          0.696 0.30512552
          0.697 0.30412497
          0.698 0.30312432
          0.699 0.30212359
            0.7 0.30112275
          0.701 0.30012183
          0.702 0.29912082
          0.703 0.29811972
          0.704 0.29711853
          0.705 0.29611725
          0.706 0.29511588
          0.707 0.29411443
          0.708 0.29311289
          0.709 0.29211127
           0.71 0.29110957
          0.711 0.29010779
          0.712 0.28910592
          0.713 0.28810397
          0.714 0.28710194
          0.715 0.28609983
          0.716 0.28509765
          0.717 0.28409538
          0.718 0.28309304
          0.719 0.28209062
           0.72 0.28108813
          0.721 0.28008556
          0.722 0.27908292
          0.723 0.27808021
          0.724 0.27707742
          0.725 0.27607456
          0.726 0.27507163
          0.727 0.27406863
          0.728 0.27306556
          0.729 0.27206242
           0.73 0.27105922
          0.731 0.27005594
          0.732 0.2690526
          0.733 0.2680492
          0.734 0.26704572
          0.735 0.26604218
          0.736 0.26503858
          0.737 0.26403492
          0.738 0.26303119
          0.739 0.2620274
           0.74 0.26102354
          0.741 0.26001963
          0.742 0.25901566
          0.743 0.25801162
          0.744 0.25700753
          0.745 0.25600338
          0.746 0.25499917
          0.747 0.2539949
          0.748 0.25299057
          0.749 0.25198619
           0.75 0.25098175
          0.751 0.24997726
          0.752 0.24897271
          0.753 0.24796811
          0.754 0.24696346
          0.755 0.24595875
          0.756 0.24495399
          0.757 0.24394917
          0.758 0.24294431
          0.759 0.24193939
           0.76 0.24093443
          0.761 0.23992941
          0.762 0.23892435
          0.763 0.23791923
          0.764 0.23691407
          0.765 0.23590885
          0.766 0.2349036
          0.767 0.23389829
          0.768 0.23289294
          0.769 0.23188754
           0.77 0.23088209
          0.771 0.2298766
          0.772 0.22887107
          0.773 0.22786549
          0.774 0.22685986
          0.775 0.2258542
          0.776 0.22484849
          0.777 0.22384273
          0.778 0.22283694
          0.779 0.2218311
           0.78 0.22082523
          0.781 0.21981931
          0.782 0.21881335
          0.783 0.21780735
          0.784 0.21680131
          0.785 0.21579523
          0.786 0.21478911
          0.787 0.21378295
          0.788 0.21277676
          0.789 0.21177053
           0.79 0.21076426
          0.791 0.20975795
          0.792 0.20875161
          0.793 0.20774523
          0.794 0.20673881
          0.795 0.20573236
          0.796 0.20472587
          0.797 0.20371935
          0.798 0.20271279
          0.799 0.2017062
            0.8 0.20069958
          0.801 0.19969292
          0.802 0.19868623
          0.803 0.19767951
          0.804 0.19667275
          0.805 0.19566596
          0.806 0.19465914
          0.807 0.19365229
          0.808 0.1926454
          0.809 0.19163849
           0.81 0.19063154
          0.811 0.18962457
          0.812 0.18861756
          0.813 0.18761053
          0.814 0.18660346
          0.815 0.18559637
          0.816 0.18458924
          0.817 0.18358209
          0.818 0.18257491
          0.819 0.18156771
           0.82 0.18056047
          0.821 0.17955321
          0.822 0.17854592
          0.823 0.1775386
          0.824 0.17653126
          0.825 0.17552389
          0.826 0.17451649
          0.827 0.17350907
          0.828 0.17250162
          0.829 0.17149415
           0.83 0.17048665
          0.831 0.16947912
          0.832 0.16847158
          0.833 0.167464
          0.834 0.16645641
          0.835 0.16544879
          0.836 0.16444114
          0.837 0.16343348
          0.838 0.16242579
          0.839 0.16141807
           0.84 0.16041034
          0.841 0.15940258
          0.842 0.1583948
          0.843 0.157387
          0.844 0.15637917
          0.845 0.15537132
          0.846 0.15436346
          0.847 0.15335557
          0.848 0.15234766
          0.849 0.15133973
           0.85 0.15033178
          0.851 0.14932381
          0.852 0.14831581
          0.853 0.1473078
          0.854 0.14629977
          0.855 0.14529172
          0.856 0.14428365
          0.857 0.14327556
          0.858 0.14226745
          0.859 0.14125933
           0.86 0.14025118
          0.861 0.13924302
          0.862 0.13823483
          0.863 0.13722663
          0.864 0.13621842
          0.865 0.13521018
          0.866 0.13420193
          0.867 0.13319366
          0.868 0.13218537
          0.869 0.13117706
           0.87 0.13016874
          0.871 0.1291604
          0.872 0.12815205
          0.873 0.12714368
          0.874 0.12613529
          0.875 0.12512689
          0.876 0.12411847
          0.877 0.12311003
          0.878 0.12210158
          0.879 0.12109312
           0.88 0.12008464
          0.881 0.11907614
          0.882 0.11806763
          0.883 0.1170591
          0.884 0.11605056
          0.885 0.11504201
          0.886 0.11403344
          0.887 0.11302485
          0.888 0.11201626
          0.889 0.11100765
           0.89 0.10999902
          0.891 0.10899038
          0.892 0.10798173
          0.893 0.10697306
          0.894 0.10596438
          0.895 0.10495569
          0.896 0.10394699
          0.897 0.10293827
          0.898 0.10192954
          0.899 0.1009208
            0.9 0.099912041
          0.901 0.098903273
          0.902 0.097894492
          0.903 0.0968857
          0.904 0.095876896
          0.905 0.09486808
          0.906 0.093859252
          0.907 0.092850413
          0.908 0.091841562
          0.909 0.090832699
           0.91 0.089823826
          0.911 0.088814941
          0.912 0.087806045
          0.913 0.086797138
          0.914 0.08578822
          0.915 0.084779292
          0.916 0.083770353
          0.917 0.082761404
          0.918 0.081752444
          0.919 0.080743473
           0.92 0.079734493
          0.921 0.078725502
          0.922 0.077716502
          0.923 0.076707491
          0.924 0.075698471
          0.925 0.074689441
          0.926 0.073680402
          0.927 0.072671352
          0.928 0.071662294
          0.929 0.070653226
           0.93 0.069644149
          0.931 0.068635063
          0.932 0.067625968
          0.933 0.066616863
          0.934 0.06560775
          0.935 0.064598628
          0.936 0.063589498
          0.937 0.062580359
          0.938 0.061571211
          0.939 0.060562055
           0.94 0.05955289
          0.941 0.058543717
          0.942 0.057534536
          0.943 0.056525347
          0.944 0.05551615
          0.945 0.054506945
          0.946 0.053497732
          0.947 0.052488512
          0.948 0.051479283
          0.949 0.050470047
           0.95 0.049460803
          0.951 0.048451552
          0.952 0.047442294
          0.953 0.046433028
          0.954 0.045423755
          0.955 0.044414475
          0.956 0.043405187
          0.957 0.042395893
          0.958 0.041386591
          0.959 0.040377283
           0.96 0.039367968
          0.961 0.038358646
          0.962 0.037349317
          0.963 0.036339982
          0.964 0.03533064
          0.965 0.034321291
          0.966 0.033311936
          0.967 0.032302575
          0.968 0.031293208
          0.969 0.030283834
           0.97 0.029274454
          0.971 0.028265068
          0.972 0.027255675
          0.973 0.026246277
          0.974 0.025236873
          0.975 0.024227463
          0.976 0.023218047
          0.977 0.022208626
          0.978 0.021199198
          0.979 0.020189765
           0.98 0.019180327
          0.981 0.018170883
          0.982 0.017161433
          0.983 0.016151978
          0.984 0.015142517
          0.985 0.014133052
          0.986 0.013123581
          0.987 0.012114104
          0.988 0.011104623
          0.989 0.010095136
           0.99 0.0090856446
          0.991 0.008076148
          0.992 0.0070666463
          0.993 0.0060571398
          0.994 0.0050476284
          0.995 0.0040381122
          0.996 0.0030285912
          0.997 0.0020190654
          0.998 0.001009535
          0.999 0
